variables:
  ASPNET_CORE_APP_60: 6.0.33
  ASPNET_CORE_APP_60_SHA: 12b34fe1d0a679ff63db4bf002a2988194d9e64d0e107d128c247821dd939a86eced0fe453c0638d3742dac3a32e533792c26299400fb4fd5566b75177e66875
  ASPNET_CORE_APP_80: 8.0.8
  ASPNET_CORE_APP_80_SHA: d6c0cc2aac79fbacbf81b597f286763599f66278c17ddb448ce0b93d499bad8f88777d425854e68602945ab18af8a61f1ee59d431d5503006137f86113faa8b2
  ASPNET_CORE_APP_90: 9.0.0-preview.7.24406.2
  ASPNET_CORE_APP_90_SHA: 44f86c407b501a700aaeae2ce95cf544d85c08b41cdd12cee22bfcfdd03c4f6a16e495d9f8315f5e56a66b7e6187a4fc39d899f967a65f73883e40172343275c
  NET_CORE_APP_60: 6.0.33
  NET_CORE_APP_60_SHA: 0892015544d8903999f8e0fadab6b4b91eb180e495fa5e36c1a755b1d42e134858b7bdbfd60d1880650d9c528d07e31b9ccfc73e650e5d890a955902a89139cf
  NET_CORE_APP_80: 8.0.8
  NET_CORE_APP_80_SHA: 8f5220098c562fa3490417748eb9f4f9ca1551f7155728b9ebb1924359c63c18dedef643bcd89ec67b59cb5b1b9de7283ee156ef381ffb16801b516dba9b1b0f
  NET_CORE_APP_90: 9.0.0-preview.7.24405.7
  NET_CORE_APP_90_SHA: 9ede46bc2e6f87a9f592f888562a4cdda6ffa01ca9822f6d4ae586a7c478d3e4fe6c70758a4e9ecbba86445978c68f805d1d6d6f4d37fc653a2b7510309dd5dc
  node0Version: 0.12.18
  node10Version: 10.24.1
  node11Version: 11.15.0
  node12Version: 12.22.12
  node13Version: 13.14.0
  node14Version: 14.21.3
  node15Version: 15.14.0
  node16Version: 16.20.2
  node17Version: 17.9.1
  node18Version: 18.20.4
  node19Version: 19.9.0
  node20Version: 20.17.0
  node21Version: 21.7.3
  node22Version: 22.7.0
  node4Version: 4.9.1
  node5Version: 5.12.0
  node6Version: 6.17.1
  node7Version: 7.10.1
  node8Version: 8.17.0
  node9Version: 9.11.2
  php81Version: 8.1.29
  php81Version_SHA: 288884af60581d4284baba2ace9ca6d646f72facbd3e3c2dd2acc7fe6f903536
  php82Version: 8.2.23
  php82Version_SHA: 81c5ae6ba44e262a076349ee54a2e468638a4571085d80bff37f6fd308e1d8d5
  php83Version: 8.3.10
  php83Version_SHA: a0f2179d00931fe7631a12cbc3428f898ca3d99fe564260c115af381d2a1978d
  python20Version: 2.0.1
  python21Version: 2.1.3
  python22Version: 2.2.3
  python23Version: 2.3.7
  python24Version: 2.4.6
  python25Version: 2.5.6
  python26Version: 2.6.9
  python27Version: 2.7.18
  python30Version: 3.0.1
  python310Version: 3.10.14
  python311Version: 3.11.9
  python312Version: 3.12.5
  python31Version: 3.1.5
  python32Version: 3.2.6
  python33Version: 3.3.7
  python34Version: 3.4.10
  python35Version: 3.5.10
  python36Version: 3.6.15
  python37Version: 3.7.17
  python38Version: 3.8.19
  python39Version: 3.9.19
