variables:
  ASPNET_CORE_APP_60: 6.0.32
  ASPNET_CORE_APP_60_SHA: 1849c0073f12477b94357a1afb1cbd4ad67764263528b66037c19d554df41e681e4b41c0804b106319fe661d0bc3bae9e29e4913c0d0df33861cf6f32ebaac96
  ASPNET_CORE_APP_70: 7.0.20
  ASPNET_CORE_APP_70_SHA: 62ed9743972043a72e48d5aa2f7fdf3483cf684a32b051315004d1c778e9712bf66e5e7a97a5a53993fa8e92daf5bacaf2cdb3eae44bb9a9e25532b9a80f4f70
  ASPNET_CORE_APP_80: 8.0.7
  ASPNET_CORE_APP_80_SHA: c7479dc008fce77c2bfcaa1ac1c9fe6f64ef7e59609fff6707da14975aade73e3cb22b97f2b3922a2642fa8d843a3caf714ab3a2b357abeda486b9d0f8bebb18
  ASPNET_CORE_APP_90: 9.0.0-preview.6.24328.4
  ASPNET_CORE_APP_90_SHA: 4e178bbd26c70a3f1690c2b84b01c5a43cbf546adc878617fdf4c39d10e8063684420126261aacabcaa7f72c697290c1c06d3e93d9f3babe57c72d5fe98346fb
  NET_CORE_APP_60: 6.0.32
  NET_CORE_APP_60_SHA: 9babfe66f4a4261dd454f3220899af0a19532ab93575b581cec838f1c5f130d98b6fb1aaae5ee8e5b2e70deb55b619a0d55347f014ace72cb84b78d61faf0a59
  NET_CORE_APP_70: 7.0.20
  NET_CORE_APP_70_SHA: 87855297338555a7b577d7e314e5dbf2c2350f8c867a489cd1e535634bad5c123a1871464d37fc9421837ff5d426c2eadecbe0f60bbf3fd32bc2461f47790a40
  NET_CORE_APP_80: 8.0.7
  NET_CORE_APP_80_SHA: 88e9ac34ad5ac76eec5499f2eb8d1aa35076518c842854ec1053953d34969c7bf1c5b2dbce245dbace3a18c3b8a4c79d2ef2d2ff105ce9d17cbbdbe813d8b16f
  NET_CORE_APP_90: 9.0.0-preview.6.24327.7
  NET_CORE_APP_90_SHA: 09aa8c4e6ae3ada1a265a5cd2b46779a763163e4dd9a1892b44606b89cf147339e10b7c584dbcaf5404af0553f0ef6c5801436c217f4fe1a5d3bdb6d74aef1d1
  node18Version: 18.20.4
  node20Version: 20.15.1
  php81Version: 8.1.29
  php81Version_SHA: 288884af60581d4284baba2ace9ca6d646f72facbd3e3c2dd2acc7fe6f903536
  php82Version: 8.2.21
  php82Version_SHA: 8cc44d51bb2506399ec176f70fe110f0c9e1f7d852a5303a2cd1403402199707
  php83Version: 8.3.9
  php83Version_SHA: bf4d7b8ea60a356064f88485278bd6f941a230ec16f0fc401574ce1445ad6c77
  python310Version: 3.10.14
  python311Version: 3.11.8
  python312Version: 3.12.2
  python38Version: 3.8.19
  python39Version: 3.9.19
